65453
65452
65454
65454
65401   1.400000
2
65441
65441
65401   3.500000
65452
65401   4.800000
65452
3
65401   3.400000
65451
65452
65454
65401   1.400000
65441
65453
65401   7.400000
5
65451
65401   3.700000
5
65453
65453
65453
65452
65401   7.100000
65401   0.500000
5
65454
65401   3.200000
65452
65441
65441
65451
65452
65451
4
65401   1.100000
65451
3
3
65451
65451
4
3
65451
65401   6.700000
65401   9.600000
65454
65454
65452
2
65401   0.700000
65441
65441
65451
65441
65401   3.900000
65451
65401   0.700000
65401   5.000000
65454
65454
65441
65454
65453
65401   0.700000
3
65441
65401   5.100000
65453
1
65401   8.500000
65451
65451
2
65401   1.300000
65453
65401   2.700000
65401   1.000000
65454
65401   3.200000
65401   3.700000
